N=999999 Result is =-4003.7225423753707218565978109836578369140625
N=999999 Result is =-4003.7225423753707218565978109836578369140625 
